4.939584
9.844858
14.747856
19.651613
24.555041
29.460852
34.364530
39.268008
44.171390
49.075628
53.979344
58.884221
63.788018
68.702239
73.605338
78.509160
83.411680
88.318185
93.221997
98.124752
103.029704
107.934288
112.837112
117.740625
122.645586
127.549157
132.453801
137.358680
142.262307
147.166282
152.070318
156.982073
161.884882
166.788821
171.691956
176.596108
181.498852
186.403232
191.305699
196.209947
201.114217
206.018744
210.922314
215.826805
220.730667
225.633501
230.535670
235.439373
240.342756
245.246342
